# SerialMon v1.4.0 - www.serialmon.com
2011-01-22 23:23:31.010 ? "I" 
2011-01-22 23:23:31.097 ? "D" 
2011-01-22 23:23:31.183 ? "=" 
2011-01-22 23:23:31.270 ? 0D 
2011-01-22 23:23:32.866 ? "l" 
2011-01-22 23:23:32.875 ? "o" 
2011-01-22 23:23:32.883 ? "g" 
2011-01-22 23:23:32.904 ? "on" 
2011-01-22 23:23:32.924 ? " g" 
2011-01-22 23:23:32.939 ? "ra" 
2011-01-22 23:23:32.941 ? "n" 
2011-01-22 23:23:32.950 ? "t" 
2011-01-22 23:23:32.963 ? "e" 
2011-01-22 23:23:32.991 ? "d" 0D 06 0D 
2011-01-22 23:23:33.000 ? 1B 
2011-01-22 23:23:33.013 ? "[" 
2011-01-22 23:23:33.016 ? "p" 
2011-01-22 23:23:33.032 ? 0D 
2011-01-22 23:23:35.737 ? "t" 
2011-01-22 23:23:35.746 ? "r" 
2011-01-22 23:23:35.753 ? "a" 
2011-01-22 23:23:35.765 ? "n" 
2011-01-22 23:23:35.776 ? "s" 
2011-01-22 23:23:35.799 ? "act" 
2011-01-22 23:23:35.808 ? "i" 
2011-01-22 23:23:35.835 ? "on " 
2011-01-22 23:23:35.849 ? "1 " 
2011-01-22 23:23:35.854 ? "a" 
2011-01-22 23:23:35.873 ? "ck" 
2011-01-22 23:23:35.879 ? "n" 
2011-01-22 23:23:35.900 ? "ow" 
2011-01-22 23:23:35.920 ? "led" 
2011-01-22 23:23:35.933 ? "g" 
2011-01-22 23:23:35.946 ? "ed" 
2011-01-22 23:23:35.970 ? 0D 0A 0D 
2011-01-22 23:23:36.000 ? 06 0D 
2011-01-22 23:23:37.750 ? "1" 
2011-01-22 23:23:37.759 ? " " 
2011-01-22 23:23:37.772 ? "t" 
2011-01-22 23:23:37.775 ? "r" 
2011-01-22 23:23:37.807 ? "ans" 
2011-01-22 23:23:37.819 ? "ac" 
2011-01-22 23:23:37.825 ? "t" 
2011-01-22 23:23:37.844 ? "io" 
2011-01-22 23:23:37.856 ? "n" 
2011-01-22 23:23:37.868 ? " a" 
2011-01-22 23:23:37.906 ? "ckno" 
2011-01-22 23:23:37.914 ? "w" 
2011-01-22 23:23:37.937 ? "led" 
2011-01-22 23:23:37.942 ? "g" 
2011-01-22 23:23:37.963 ? "ed" 
2011-01-22 23:23:37.967 ? 0D 
2011-01-22 23:23:37.987 ? 0A 0D 
2011-01-22 23:23:37.992 ? 1B 
2011-01-22 23:23:38.013 ? 04 0D 
